
Start
0,71.00,0.00
10,71.00,0.04
20,71.00,0.04
30,72.00,0.04
40,72.00,0.05
50,72.00,0.05
60,72.00,0.06
70,72.00,0.07
80,72.00,0.07
90,72.00,0.07
100,72.00,0.07
110,72.00,0.07
120,72.00,0.08
130,72.00,0.09
140,72.00,0.10
150,72.00,0.10
160,72.00,0.11
170,72.00,0.11
180,73.00,0.11
190,73.00,0.11
200,79.00,0.11
210,79.00,0.11
220,79.00,0.13
230,79.00,0.17
240,79.00,0.17
250,79.00,0.17
260,79.00,0.17
270,79.00,0.17
280,79.00,0.17
290,79.00,0.17
300,79.00,0.17
310,79.00,0.17
320,79.00,0.17
330,79.00,0.18
340,79.00,0.18
350,79.00,0.18
360,79.00,0.18
370,79.00,0.18
380,79.00,0.18
390,79.00,0.18
400,84.00,0.18
410,84.00,0.18
420,84.00,0.18
430,88.00,0.18
440,88.00,0.18
450,88.00,0.18
460,88.00,0.18
470,88.00,0.18
480,88.00,0.19
490,88.00,0.19
500,88.00,0.19
510,88.00,0.19
520,88.00,0.19
530,88.00,0.19
540,88.00,0.19
550,88.00,0.19
560,88.00,0.19
570,88.00,0.19
580,88.00,0.20
590,88.00,0.20
600,88.00,0.20
610,88.00,0.20
620,88.00,0.20
630,88.00,0.20
640,88.00,0.21
650,88.00,0.21
660,88.00,0.21
670,88.00,0.21
680,88.00,0.21
690,88.00,0.21
700,88.00,0.21
710,88.00,0.22
720,88.00,0.22
730,88.00,0.22
740,88.00,0.22
750,88.00,0.22
760,88.00,0.22
770,88.00,0.22
780,88.00,0.22
790,88.00,0.22
800,88.00,0.22
810,88.00,0.22
820,88.00,0.22
830,88.00,0.22
840,88.00,0.22
850,88.00,0.22
860,88.00,0.22
870,88.00,0.23
880,88.00,0.23
890,88.00,0.23
900,88.00,0.23
910,88.00,0.23
920,88.00,0.23
930,88.00,0.23
940,88.00,0.23
950,88.00,0.23
960,88.00,0.23
970,88.00,0.23
980,88.00,0.23
990,88.00,0.23
End Time: 0.233
Start
0,75.00,0.00
10,71.00,0.00
20,71.00,0.00
30,69.00,0.00
40,72.00,0.00
50,69.00,0.00
60,70.00,0.01
70,72.00,0.01
80,71.00,0.02
90,72.00,0.03
100,73.00,0.03
110,73.00,0.03
120,13.00,0.03
130,68.00,0.03
140,67.00,0.03
150,70.00,0.03
160,12.00,0.04
170,11.00,0.04
180,8.00,0.04
190,70.00,0.04
200,71.00,0.04
210,72.00,0.04
220,78.00,0.04
230,78.00,0.04
240,73.00,0.04
250,71.00,0.05
260,16.00,0.05
270,72.00,0.05
280,70.00,0.05
290,70.00,0.05
300,11.00,0.05
310,69.00,0.05
320,13.00,0.05
330,69.00,0.05
340,71.00,0.05
350,69.00,0.05
360,70.00,0.05
370,69.00,0.05
380,69.00,0.05
390,69.00,0.05
400,68.00,0.05
410,70.00,0.05
420,70.00,0.05
430,68.00,0.05
440,71.00,0.06
450,71.00,0.06
460,68.00,0.06
470,68.00,0.06
480,69.00,0.06
490,69.00,0.06
500,70.00,0.06
510,70.00,0.06
520,72.00,0.06
530,74.00,0.06
540,74.00,0.06
550,74.00,0.06
560,74.00,0.06
570,74.00,0.06
580,74.00,0.06
590,74.00,0.06
600,74.00,0.06
610,74.00,0.06
620,74.00,0.06
630,74.00,0.06
640,74.00,0.06
650,74.00,0.06
660,74.00,0.06
670,75.00,0.06
680,75.00,0.06
690,75.00,0.06
700,75.00,0.06
710,76.00,0.06
720,78.00,0.06
730,78.00,0.07
740,78.00,0.07
750,78.00,0.07
760,78.00,0.07
770,79.00,0.07
780,79.00,0.07
790,79.00,0.07
800,79.00,0.07
810,80.00,0.07
820,81.00,0.07
830,82.00,0.07
840,82.00,0.07
850,82.00,0.07
860,82.00,0.07
870,82.00,0.07
880,82.00,0.07
890,82.00,0.07
900,82.00,0.07
910,82.00,0.07
920,82.00,0.07
930,83.00,0.07
940,83.00,0.07
950,83.00,0.07
960,83.00,0.07
970,83.00,0.07
980,84.00,0.07
990,84.00,0.07
End Time: 0.074
Start
0,65.33,0.00
10,67.47,0.01
20,68.81,0.02
30,70.33,0.03
40,69.54,0.08
50,70.74,0.09
60,70.88,0.10
70,70.82,0.11
80,70.05,0.12
90,69.96,0.12
100,70.53,0.13
110,70.94,0.13
120,71.29,0.13
130,70.52,0.14
140,70.89,0.18
150,71.37,0.18
160,72.25,0.19
170,71.32,0.19
180,71.99,0.19
190,71.25,0.20
200,71.85,0.20
210,71.25,0.20
220,71.54,0.21
230,72.21,0.21
240,70.79,0.22
250,71.65,0.22
260,71.05,0.23
270,71.11,0.24
280,71.02,0.25
290,72.34,0.25
300,72.23,0.26
310,72.39,0.31
320,72.25,0.32
330,72.43,0.32
340,73.65,0.32
350,72.92,0.35
360,72.80,0.36
370,73.50,0.37
380,72.74,0.37
390,72.50,0.37
400,73.59,0.37
410,73.95,0.37
420,74.65,0.38
430,74.12,0.38
440,74.65,0.38
450,76.20,0.38
460,77.45,0.39
470,78.37,0.39
480,78.27,0.40
490,77.85,0.40
500,78.61,0.41
510,77.37,0.42
520,79.10,0.42
530,78.49,0.43
540,79.58,0.43
550,78.41,0.43
560,78.76,0.44
570,79.52,0.44
580,80.32,0.44
590,81.10,0.44
600,81.62,0.45
610,82.04,0.47
620,83.44,0.47
630,83.48,0.47
640,83.16,0.47
650,83.45,0.48
660,83.06,0.48
670,84.27,0.48
680,84.21,0.48
690,83.73,0.48
700,84.73,0.49
710,84.87,0.50
720,85.41,0.51
730,84.91,0.51
740,84.62,0.51
750,85.28,0.51
760,85.18,0.53
770,86.33,0.53
780,86.69,0.53
790,85.60,0.53
800,85.59,0.54
810,86.26,0.54
820,86.02,0.56
830,86.69,0.56
840,88.42,0.57
850,88.41,0.58
860,89.34,0.58
870,89.59,0.58
880,89.69,0.59
890,89.86,0.59
900,90.26,0.59
910,89.63,0.59
920,89.60,0.60
930,90.63,0.60
940,90.26,0.61
950,91.19,0.62
960,89.76,0.63
970,91.54,0.68
980,90.78,0.72
990,89.80,0.73
End Time: 0.726
Start
0,73.00,0.03
10,86.00,0.24
20,86.00,0.37
30,86.00,0.61
40,86.00,0.73
50,86.00,0.85
60,86.00,1.04
70,86.00,1.14
80,86.00,1.23
90,86.00,1.33
100,86.00,1.39
110,86.00,1.49
120,86.00,1.59
130,86.00,1.70
140,86.00,1.79
150,86.00,1.94
160,91.00,2.09
170,93.00,2.22
180,94.00,2.29
190,94.00,2.35
200,94.00,2.39
210,94.00,2.46
220,94.00,2.55
230,94.00,2.63
240,94.00,2.70
250,94.00,2.74
260,94.00,2.79
270,94.00,2.83
280,94.00,2.87
290,94.00,3.06
300,94.00,3.12
310,94.00,3.17
320,94.00,3.22
330,96.00,3.29
340,96.00,3.38
350,96.00,3.48
360,96.00,3.59
370,96.00,3.72
380,96.00,3.79
390,96.00,3.86
400,96.00,3.94
410,96.00,4.01
420,96.00,4.07
430,96.00,4.15
440,96.00,4.19
450,96.00,4.27
460,96.00,4.34
470,96.00,4.40
480,97.00,4.45
490,97.00,4.50
500,97.00,4.55
510,97.00,4.61
520,97.00,4.68
530,97.00,4.76
540,97.00,4.80
550,97.00,4.85
560,97.00,4.89
570,97.00,4.93
580,97.00,4.96
590,97.00,5.03
600,97.00,5.09
610,97.00,5.14
620,97.00,5.21
630,99.00,5.26
640,99.00,5.32
650,99.00,5.36
660,99.00,5.39
670,99.00,5.42
680,99.00,5.46
690,99.00,5.54
700,99.00,5.59
710,99.00,5.64
720,99.00,5.69
730,99.00,5.75
740,99.00,5.80
750,99.00,5.87
760,99.00,5.93
770,99.00,5.99
780,99.00,6.03
790,99.00,6.06
800,99.00,6.09
810,99.00,6.15
820,99.00,6.27
830,99.00,6.33
840,100.00,6.38
850,100.00,6.42
860,100.00,6.46
870,102.00,6.49
880,102.00,6.52
890,104.00,6.60
900,104.00,6.66
910,104.00,6.71
920,104.00,6.80
930,104.00,6.86
940,104.00,6.92
950,104.00,6.96
960,104.00,7.00
970,104.00,7.04
980,104.00,7.08
990,104.00,7.12
End Time: 7.122
