
Start
0,109.00,0.00
200,135.00,0.03
400,149.00,0.03
600,155.00,0.04
800,155.00,0.05
1000,157.00,0.05
1200,157.00,0.05
1400,159.00,0.05
1600,159.00,0.06
1800,161.00,0.06
2000,161.00,0.06
2200,161.00,0.06
2400,161.00,0.06
2600,161.00,0.06
2800,161.00,0.07
3000,161.00,0.07
3200,161.00,0.07
3400,161.00,0.07
3600,161.00,0.07
3800,161.00,0.07
4000,161.00,0.07
4200,161.00,0.08
4400,161.00,0.08
4600,161.00,0.08
4800,161.00,0.08
5000,161.00,0.08
5200,161.00,0.08
5400,161.00,0.08
5600,161.00,0.08
5800,161.00,0.08
6000,161.00,0.09
6200,161.00,0.09
6400,161.00,0.09
6600,161.00,0.10
6800,161.00,0.10
7000,161.00,0.10
7200,161.00,0.11
7400,161.00,0.11
7600,161.00,0.11
7800,161.00,0.11
8000,161.00,0.11
8200,161.00,0.11
8400,161.00,0.11
8600,161.00,0.11
8800,161.00,0.11
9000,161.00,0.12
9200,161.00,0.12
9400,161.00,0.12
9600,161.00,0.12
9800,161.00,0.12
10000,161.00,0.12
10200,161.00,0.12
10400,161.00,0.13
10600,161.00,0.13
10800,161.00,0.13
11000,161.00,0.13
11200,161.00,0.13
11400,161.00,0.13
11600,161.00,0.13
11800,161.00,0.13
12000,161.00,0.13
12200,161.00,0.14
12400,161.00,0.14
12600,161.00,0.14
12800,161.00,0.14
13000,161.00,0.14
13200,161.00,0.15
13400,161.00,0.15
13600,161.00,0.15
13800,161.00,0.15
14000,161.00,0.15
14200,161.00,0.16
14400,161.00,0.16
14600,161.00,0.16
14800,161.00,0.16
15000,161.00,0.16
15200,161.00,0.16
15400,161.00,0.16
15600,161.00,0.17
15800,161.00,0.17
16000,161.00,0.17
16200,161.00,0.17
16400,161.00,0.17
16600,161.00,0.17
16800,161.00,0.17
17000,161.00,0.17
17200,161.00,0.18
17400,161.00,0.18
17600,161.00,0.18
17800,161.00,0.18
18000,161.00,0.18
18200,161.00,0.18
18400,161.00,0.18
18600,161.00,0.19
18800,161.00,0.19
19000,161.00,0.19
19200,161.00,0.19
19400,161.00,0.19
19600,161.00,0.19
19800,161.00,0.19
End Time: 0.194
Start
0,101.00,0.00
200,94.00,0.00
400,108.00,0.00
600,130.00,0.00
800,146.00,0.00
1000,153.00,0.01
1200,161.00,0.01
1400,167.00,0.01
1600,175.00,0.01
1800,175.00,0.01
2000,179.00,0.01
2200,179.00,0.01
2400,179.00,0.01
2600,179.00,0.01
2800,179.00,0.01
3000,179.00,0.02
3200,181.00,0.02
3400,181.00,0.02
3600,183.00,0.02
3800,183.00,0.02
4000,183.00,0.02
4200,183.00,0.02
4400,183.00,0.02
4600,183.00,0.02
4800,183.00,0.02
5000,183.00,0.02
5200,185.00,0.03
5400,185.00,0.03
5600,185.00,0.03
5800,185.00,0.03
6000,185.00,0.03
6200,185.00,0.03
6400,185.00,0.03
6600,185.00,0.03
6800,185.00,0.03
7000,187.00,0.03
7200,187.00,0.03
7400,187.00,0.04
7600,187.00,0.04
7800,187.00,0.04
8000,187.00,0.04
8200,187.00,0.04
8400,187.00,0.04
8600,187.00,0.04
8800,189.00,0.04
9000,189.00,0.04
9200,189.00,0.04
9400,189.00,0.04
9600,189.00,0.04
9800,189.00,0.04
10000,189.00,0.04
10200,189.00,0.04
10400,189.00,0.04
10600,189.00,0.04
10800,189.00,0.04
11000,191.00,0.05
11200,191.00,0.05
11400,191.00,0.05
11600,191.00,0.05
11800,191.00,0.05
12000,191.00,0.05
12200,191.00,0.05
12400,192.00,0.05
12600,192.00,0.05
12800,192.00,0.05
13000,192.00,0.05
13200,192.00,0.05
13400,192.00,0.05
13600,192.00,0.06
13800,192.00,0.06
14000,192.00,0.06
14200,192.00,0.06
14400,192.00,0.06
14600,192.00,0.06
14800,192.00,0.06
15000,192.00,0.06
15200,192.00,0.06
15400,192.00,0.06
15600,192.00,0.06
15800,192.00,0.06
16000,192.00,0.06
16200,192.00,0.07
16400,192.00,0.07
16600,192.00,0.07
16800,192.00,0.07
17000,192.00,0.07
17200,192.00,0.07
17400,192.00,0.07
17600,192.00,0.07
17800,192.00,0.07
18000,192.00,0.07
18200,192.00,0.07
18400,192.00,0.07
18600,192.00,0.08
18800,192.00,0.08
19000,192.00,0.08
19200,192.00,0.08
19400,192.00,0.08
19600,192.00,0.09
19800,192.00,0.09
End Time: 0.086
Start
0,100.11,0.01
200,146.18,0.09
400,149.84,0.14
600,149.20,0.19
800,154.46,0.25
1000,156.11,0.31
1200,159.45,0.37
1400,162.16,0.41
1600,164.28,0.49
1800,159.23,0.56
2000,162.38,0.65
2200,161.42,0.70
2400,164.07,0.75
2600,161.64,0.81
2800,159.43,0.87
3000,154.75,0.91
3200,154.20,0.94
3400,159.54,1.01
3600,161.50,1.12
3800,158.26,1.20
4000,160.64,1.25
4200,159.42,1.28
4400,159.73,1.30
4600,160.52,1.32
4800,163.76,1.36
5000,165.51,1.39
5200,167.30,1.42
5400,164.45,1.45
5600,166.35,1.47
5800,164.61,1.50
6000,165.14,1.52
6200,168.03,1.55
6400,164.76,1.57
6600,166.17,1.60
6800,167.29,1.62
7000,163.27,1.70
7200,166.90,1.77
7400,169.83,1.82
7600,170.60,1.90
7800,166.78,1.95
8000,166.17,1.98
8200,166.32,2.00
8400,166.62,2.02
8600,171.85,2.05
8800,169.21,2.09
9000,171.16,2.12
9200,170.89,2.14
9400,169.21,2.17
9600,169.17,2.21
9800,169.22,2.24
10000,167.45,2.27
10200,167.52,2.29
10400,168.24,2.31
10600,166.65,2.34
10800,161.71,2.36
11000,166.71,2.39
11200,170.94,2.41
11400,170.52,2.44
11600,170.36,2.46
11800,169.12,2.49
12000,169.92,2.51
12200,166.81,2.53
12400,171.29,2.56
12600,168.00,2.58
12800,167.26,2.61
13000,164.96,2.63
13200,167.09,2.66
13400,168.80,2.68
13600,165.32,2.70
13800,164.84,2.73
14000,167.10,2.75
14200,171.37,2.78
14400,168.86,2.80
14600,172.39,2.83
14800,169.48,2.85
15000,166.87,2.88
15200,168.88,2.90
15400,169.17,2.93
15600,167.43,2.95
15800,164.86,2.97
16000,167.32,3.00
16200,168.90,3.02
16400,169.18,3.04
16600,169.25,3.07
16800,169.89,3.09
17000,169.32,3.12
17200,169.02,3.14
17400,168.84,3.17
17600,170.08,3.19
17800,167.67,3.22
18000,165.80,3.24
18200,164.66,3.27
18400,163.20,3.29
18600,163.17,3.32
18800,161.98,3.34
19000,163.37,3.36
19200,163.63,3.39
19400,163.62,3.41
19600,167.29,3.45
19800,169.39,3.48
End Time: 3.480
Start
0,109.00,0.10
200,174.00,4.33
400,176.00,7.77
600,176.00,11.18
800,180.00,14.63
1000,182.00,18.00
1200,182.00,21.54
1400,182.00,25.07
1600,182.00,28.61
1800,182.00,32.07
2000,182.00,35.98
2200,184.00,39.46
2400,184.00,42.84
2600,186.00,46.21
2800,186.00,49.55
3000,186.00,52.90
3200,186.00,56.49
3400,186.00,60.04
3600,186.00,63.59
3800,186.00,67.11
4000,186.00,70.75
4200,186.00,74.21
4400,186.00,77.54
4600,186.00,80.87
4800,186.00,84.22
5000,186.00,87.70
5200,188.00,91.15
5400,188.00,94.61
5600,188.00,98.14
5800,188.00,101.50
6000,188.00,104.84
6200,188.00,108.26
6400,188.00,111.60
6600,188.00,115.22
6800,190.00,118.58
7000,190.00,121.87
7200,190.00,125.18
7400,190.00,128.49
7600,190.00,131.95
7800,190.00,135.57
8000,190.00,138.99
8200,190.00,142.30
8400,192.00,145.69
8600,192.00,149.26
8800,192.00,152.76
9000,192.00,156.29
9200,192.00,159.69
9400,192.00,162.99
9600,192.00,166.36
9800,192.00,169.68
10000,192.00,172.96
10200,192.00,176.26
10400,192.00,179.77
10600,192.00,183.24
10800,192.00,186.79
11000,192.00,190.24
11200,192.00,193.66
11400,192.00,197.13
11600,192.00,200.45
11800,192.00,203.81
12000,192.00,207.21
12200,192.00,210.76
12400,192.00,214.04
12600,192.00,217.47
12800,192.00,220.93
13000,192.00,224.28
13200,192.00,227.60
13400,192.00,230.88
13600,192.00,234.20
13800,192.00,237.57
14000,192.00,240.97
14200,192.00,244.37
14400,192.00,247.88
14600,192.00,251.46
14800,192.00,254.93
15000,192.00,258.44
15200,192.00,262.05
15400,192.00,265.56
15600,192.00,269.00
15800,192.00,272.58
16000,192.00,276.03
16200,192.00,279.55
16400,192.00,282.93
16600,192.00,286.33
16800,192.00,289.78
17000,192.00,293.24
17200,192.00,296.66
17400,192.00,300.05
17600,192.00,303.52
17800,192.00,306.96
18000,192.00,310.34
18200,192.00,313.83
18400,192.00,317.33
18600,192.00,320.95
18800,192.00,324.47
19000,192.00,327.89
19200,192.00,331.88
19400,192.00,335.48
19600,192.00,339.13
19800,192.00,342.79
End Time: 342.787
